2091
2062
2025
1985
1949
1917
1897
1890
1898
1917
1948
1985
2026
2062
2094
2111
2117
2109
2088
2057
2019
1980
1943
1914
1896
1890
1900
1922
1954
1991
2031
2067
2096
2112
2116
2107
2084
2052
2013
1975
1939
1911
1892
1891
1902
1925
1958
1997
2036
2071
2099
2113
2116
2104
2080
2047
2008
1969
1934
1908
1893
1892
1905
1929
1963
2002
2041
2076
2101
2115
2115
2102
2076
2041
2003
1964
1930
1906
1893
1893
1907
1934
1969
2008
2048
2080
2105
2116
2114
2099
2071
2036
1997
1959
1926
1903
1892
1893
1910
1938
