1902
1924
1954
1991
2029
2064
2092
2110
2117
2110
2092
2063
2029
1991
1955
1924
1903
1891
1894
1909
1934
1967
2004
2042
2074
2100
2114
2116
2105
2082
2052
2015
1978
1943
1915
1897
1891
1897
1917
1945
1981
2018
2055
2085
2106
2116
2113
2098
2073
2038
2001
1965
1932
1908
1894
1892
1903
1926
1958
1994
2033
2067
2094
2111
2117
2109
2089
2060
2025
1987
1952
1921
1901
1892
1894
1911
1937
1971
2010
2045
2078
2101
2115
2115
2103
2079
2048
2011
1974
1939
1913
1896
1891
1899
1920
1949
1985
2023
2058
2088
