1973
1956
1943
1929
1921
1911
1906
1903
1903
1907
1913
1923
1935
1949
1965
1981
1999
2017
2034
2051
2066
2079
2090
2098
2104
2105
2105
2101
2095
2084
2073
2059
2043
2026
2009
1991
1974
1958
1943
1929
1919
1911
1905
1903
1903
1906
1913
1922
1934
1948
1964
1981
1998
2016
2033
2050
2065
2078
2090
2098
2103
2105
2105
2101
2095
2085
2074
2060
2044
2027
2010
1992
1977
1958
1943
1930
1920
1911
1904
1903
1904
1906
1913
1922
1933
1947
1963
1980
1997
2015
2033
2049
2065
2078
2088
2097
2103
2105
2105
2101
