2013
2013
2015
2015
2016
2017
2017
2018
2018
2019
2019
2020
2021
2021
2022
2022
2023
2023
2024
2024
2025
2025
2026
2026
2027
2027
2028
2029
2028
2029
2029
2029
2029
2030
2031
2031
2031
2031
2031
2031
2032
2032
2032
2033
2032
2033
2033
2033
2033
2033
2033
2033
2033
2033
2033
2032
2033
2033
2032
2032
2032
2031
2031
2031
2031
2031
2027
2030
2029
2029
2026
2029
2029
2028
2025
2027
2027
2025
2026
2025
2025
2024
2024
2023
2023
2023
2022
2021
2021
2020
2020
2019
2018
2018
2017
2016
2016
2016
2015
2014
2013
2013
2012
2012
2011
2009
2009
2008
2008
2006
2006
2005
2005
2004
2004
2002
2002
2001
2000
1999
1999
1998
1998
1997
1997
1996
1995
1994
1993
1993
1992
1992
1991
1990
1990
1989
1989
1988
1987
1987
1986
1985
1985
1985
1984
1984
1983
1983
1981
1982
1981
1981
1980
1980
1979
1979
1979
1979
1978
1978
1978
1977
1977
1977
1977
1977
1977
1976
1976
1976
1975
1975
1976
1975
1975
1975
1975
1975
1975
1975
1975
1976
1976
1976
1976
1976
1976
1976
1976
1976
1977
1977
1977
1977
1978
1978
1979
1979
1980
1980
