1947
2018
2085
2119
2108
2056
1983
1919
1889
1903
1954
2030
2093
2120
2101
2045
1972
1911
1888
1910
1969
2041
2100
2120
2096
2033
1961
1905
1888
1917
1980
2053
2105
2119
2087
2022
1950
1900
1889
1925
1992
2063
2111
2117
2079
2011
1940
1895
1892
1935
2004
2073
2115
2113
2069
1999
1930
1891
1896
1945
2016
2082
2118
2109
2058
1987
1921
1889
1901
1955
2027
2090
2120
2103
2048
1975
1915
1888
1908
1965
2038
2097
2120
2096
2037
1964
1907
1887
1915
1977
2050
2104
2120
2089
2025
1953
1901
1889
1923
1989
