2105
2119
2103
2060
2005
1946
1905
1889
1903
1945
2001
2058
2101
2119
2107
2068
2011
1953
1908
1889
1899
1937
1994
2050
2097
2118
2111
2074
2021
1961
1914
1889
1896
1930
1984
2043
2092
2117
2113
2081
2029
1970
1920
1891
1895
1923
1975
2034
2085
2115
2116
2087
2037
1978
1925
1894
1890
1918
1967
2026
2079
2113
2118
2093
2046
1986
1932
1897
1889
1913
1959
2017
2073
2109
2119
2098
2053
1994
1939
1901
1889
1907
1951
2009
2066
2105
2120
2103
2061
2003
1946
1905
1889
1903
1944
2000
2058
2101
2120
2107
