1955
1907
1888
1903
1948
2009
2069
2109
2119
2094
2044
1981
1927
1892
1892
1926
1982
2045
2095
2119
2109
2068
2009
1947
1903
1888
1908
1955
2017
2076
2112
2118
2089
2036
1973
1920
1891
1895
1932
1989
2052
2100
2120
2105
2061
2001
1941
1899
1889
1912
1963
2025
2081
2115
2116
2083
2028
1965
1914
1889
1898
1938
1997
2059
2104
2120
2101
2055
1994
1934
1897
1889
1917
1970
2033
2087
2117
2113
2079
2020
1959
1909
1889
1901
1945
2005
2066
2108
2119
2096
2047
1985
1928
1893
1891
1922
1976
2041
2093
2118
