1922
1938
1955
1975
1996
2017
2038
2057
2074
2088
2099
2106
2109
2107
2102
2093
2079
2063
2044
2024
2003
1982
1962
1944
1928
1915
1906
1901
1899
1902
1909
1920
1934
1952
1971
1992
2013
2034
2053
2071
2086
2098
2105
2109
2108
2104
2095
2082
2066
2047
2028
2007
1985
1965
1947
1930
1917
1907
1901
1899
1901
1908
1918
1932
1949
1968
1989
2010
2031
2051
2069
2084
2097
2104
2109
2109
2104
2097
2084
2068
2050
2031
2010
1989
1969
1949
1933
1919
1908
1902
1899
1901
1907
1916
1930
1946
1963
1986
2007
2028
