1889
1907
1946
1997
2051
2093
2116
2115
2088
2045
1991
1941
1904
1889
1899
1933
1981
2035
2082
2112
2118
2100
2060
2007
1955
1913
1892
1893
1921
1965
2020
2070
2105
2119
2107
2073
2024
1970
1924
1895
1890
1910
1951
2004
2056
2097
2118
2113
2086
2039
1985
1936
1901
1889
1902
1937
1987
2041
2087
2114
2117
2096
2053
2001
1949
1909
1890
1895
1925
1972
2026
2075
2108
2119
2105
2068
2018
1964
1917
1893
1890
1914
1956
2010
2061
2100
2119
2111
2081
2033
1980
1931
1898
1889
1905
1942
1994
2047
2090
2116
