2035
2040
2045
2049
2055
2058
2062
2065
2068
2070
2073
2074
2075
2077
2077
2077
2076
2074
2073
2072
2069
2067
2064
2061
2057
2054
2049
2044
2040
2034
2030
2024
2019
2013
2007
2002
1997
1991
1986
1981
1976
1970
1966
1961
1957
1953
1948
1946
1945
1940
1938
1936
1935
1933
1933
1933
1933
1933
1934
1936
1938
1940
1942
1945
1948
1952
1956
1958
1964
1969
1975
1979
1985
1990
1996
2001
2008
2013
2018
2023
2029
2034
2040
2045
2049
2054
2058
2061
2064
2068
2070
2072
2074
2075
2076
2076
2077
2076
2075
2074
2072
2070
2067
2065
2061
2058
2053
2049
2045
2040
2035
2030
2024
2019
2013
2008
2003
1997
1992
1986
1981
1976
1971
1966
1962
1957
1953
1950
1946
1943
1940
1938
1936
1935
1933
1933
1933
1932
1933
1934
1936
1937
1940
1941
1941
1948
1952
1955
1959
1964
1969
1973
1979
1984
1989
1996
2003
2006
2013
2018
2024
2029
2034
2039
2044
2049
2053
2057
2061
2064
2067
2069
2072
2073
2076
2076
2077
2077
2076
2075
2074
2071
2070
2067
2065
2061
2057
2054
2050
2045
2040
2035
2030
2025
2019
2014
2008
2003
1997
1991
