1939
1939
1940
1941
1942
1944
1945
1947
1949
1952
1955
1957
1960
1964
1967
1971
1975
1979
1983
1987
1992
1996
2000
2005
2009
2014
2018
2023
2026
2031
2035
2039
2042
2047
2050
2053
2056
2058
2061
2063
2065
2066
2068
2069
2070
2070
2070
2069
2069
2069
2068
2065
2064
2063
2060
2058
2056
2052
2049
2045
2043
2038
2034
2030
2026
2023
2018
2014
2010
2005
2001
1996
1992
1988
1984
1980
1978
1972
1969
1965
1962
1959
1955
1953
1950
1948
1945
1944
1943
1941
1941
1939
1940
1939
1939
1940
1940
1941
1943
1944
1946
1948
1951
1952
1955
1958
1961
1964
1968
1972
1976
1980
1984
1989
1993
1997
2002
2006
2011
2015
2019
2024
2028
2032
2036
2040
2044
2048
2051
2053
2056
2059
2061
2064
2065
2067
2065
2069
2070
2070
2070
2069
2069
2068
2066
2065
2063
2061
2060
2057
2055
2051
2049
2045
2042
2038
2034
2029
2025
2021
2017
2013
2009
2004
2000
1996
1992
1987
1983
1979
1975
1971
1967
1964
1960
1958
1955
1952
1949
1947
1946
1943
1943
1941
1940
1939
1939
1938
1940
1940
1941
1942
1943
1945
1946
1949
1951
1953
1956
1959
