1967
1966
1965
1963
1962
1961
1960
1960
1960
1958
1958
1957
1957
1957
1957
1956
1956
1956
1957
1956
1958
1957
1960
1959
1960
1960
1961
1962
1964
1964
1966
1967
1969
1969
1971
1972
1974
1975
1977
1978
1981
1983
1984
1987
1988
1991
1993
1995
1997
1999
2002
2003
2007
2009
2011
2012
2015
2017
2019
2021
2024
2025
2027
2029
2032
2033
2035
2036
2038
2040
2041
2043
2041
2045
2046
2048
2049
2049
2050
2051
2052
2052
2052
2053
2053
2053
2053
2052
2053
2052
2052
2051
2051
2050
2049
2048
2048
2046
2047
2044
2043
2041
2040
2038
2037
2035
2033
2031
2029
2028
2026
2024
2022
2020
2018
2016
2013
2011
2010
2007
2005
2002
2001
1999
1997
1994
1992
1990
1989
1986
1985
1982
1981
1979
1977
1975
1974
1972
1971
1969
1968
1967
1965
1964
1963
1962
1961
1960
1960
1959
1959
1957
1957
1957
1957
1957
1956
1956
1957
1957
1958
1958
1957
1958
1960
1960
1961
1961
1963
1964
1965
1966
1968
1969
1970
1972
1972
1974
1976
1978
1980
1981
1983
1985
1987
1989
1992
1993
1996
1997
2000
2002
2004
2007
2009
2012
2014
2016
2017
2020
