1925
1927
1930
1933
1937
1942
1946
1953
1959
1967
1973
1981
1989
1997
2004
2013
2021
2029
2036
2043
2050
2056
2063
2068
2072
2077
2080
2083
2084
2086
2086
2085
2084
2082
2080
2076
2072
2068
2063
2056
2050
2043
2036
2028
2021
2013
2005
1997
1989
1982
1975
1967
1960
1953
1948
1943
1937
1934
1930
1927
1925
1924
1923
1922
1924
1925
1927
1930
1932
1938
1943
1948
1954
1961
1968
1975
1983
1991
2001
2007
2015
2023
2031
2038
2045
2052
2058
2064
2069
2074
2079
2081
2083
2085
2086
2086
2085
2084
2082
2079
2075
2071
2066
2061
2055
2048
2041
2034
2026
2019
2010
2003
1993
1987
1981
1972
1966
1959
1953
1947
1941
1937
1933
1929
1927
1924
1923
1922
1923
1924
1926
1928
1931
1935
1939
1944
1951
1956
1962
1969
1977
1985
1993
2001
2009
2017
2023
2032
2037
2047
2052
2059
2064
2070
2075
2079
2081
2083
2085
2086
2086
2085
2084
2081
2078
2074
2070
2065
2059
2053
2047
2040
2032
2025
2017
2009
2001
1994
1988
1978
1971
1963
1957
1951
1945
1940
1936
1932
1928
1927
1924
1923
1923
1923
1924
1926
1929
1932
1935
1940
