2033
2041
2049
2058
2065
2071
2077
2082
2085
2088
2092
2091
2090
2089
2087
2083
2080
2074
2068
2061
2053
2046
2037
2028
2019
2010
2001
1991
1982
1973
1965
1956
1949
1943
1936
1931
1927
1923
1921
1919
1918
1919
1920
1921
1925
1929
1934
1939
1947
1954
1962
1971
1980
1989
1997
2008
2018
2027
2036
2044
2053
2060
2068
2074
2079
2083
2087
2088
2091
2091
2090
2088
2085
2082
2077
2072
2066
2058
2051
2042
2034
2025
2017
2007
1997
1988
1979
1970
1962
1954
1947
1940
1935
1929
1925
1922
1921
1918
1919
1919
1921
1923
1927
1931
1937
1942
1949
1957
1966
1974
1983
1993
2002
2012
2023
2030
2039
2048
2056
2063
2069
2076
2081
2085
2088
2089
2090
2090
2090
2087
2084
2080
2076
2070
2063
2056
2048
2039
2031
2021
2012
2003
1994
1985
1976
1967
1959
1951
1944
1937
1933
1928
1924
1921
1919
1918
1917
1919
1921
1924
1928
1933
1935
1945
1952
1960
1968
1977
1987
1996
2006
2015
2025
2034
2042
2051
2058
2065
2072
2077
2082
2086
2089
2090
2090
2090
2089
2086
2083
2079
2073
2068
2061
2053
2045
2036
2027
2017
2010
1999
