1907
1893
1888
1906
1933
1969
2011
2051
2085
2108
2118
2111
2090
2057
2018
1976
1937
1909
1893
1891
1906
1933
1970
2012
2052
2086
2108
2117
2112
2089
2057
2017
1976
1937
1909
1893
1892
1906
1933
1970
2012
2052
2086
2109
2117
2111
2089
2056
2017
1975
1937
1909
1893
1892
1906
1934
1971
2013
2053
2086
2109
2117
2111
2088
2056
2016
1975
1937
1909
1893
1892
1906
1936
1972
2013
2053
2087
2109
2117
2110
2088
2055
2015
1974
1937
1908
1892
1892
1907
1935
1972
2013
2054
2087
2111
2117
2109
2088
2055
2015
