2116
2114
2080
2026
1966
1916
1889
1896
1932
1988
2049
2097
2119
2110
2071
2013
1954
1908
1889
1901
1943
2001
2060
2103
2120
2103
2060
2001
1943
1901
1888
1908
1954
2014
2071
2109
2119
2097
2048
1988
1932
1896
1889
1916
1967
2027
2081
2114
2116
2088
2036
1975
1921
1892
1894
1925
1978
2039
2091
2117
2113
2078
2022
1962
1914
1889
1897
1935
1992
2051
2098
2119
2108
2068
2010
1951
1906
1888
1903
1946
2005
2063
2105
2120
2102
2056
1997
1939
1900
1889
1909
1957
2017
2074
2111
2118
2093
2045
1984
1929
