2001
2024
2047
2068
2084
2097
2106
2110
2110
2103
2093
2077
2059
2038
2015
1993
1969
1949
1931
1916
1905
1899
1897
1901
1910
1923
1941
1961
1984
2007
2030
2051
2072
2087
2100
2108
2113
2109
2102
2089
2073
2054
2033
2010
1987
1964
1944
1927
1913
1904
1898
1898
1903
1913
1927
1945
1967
1989
2013
2035
2057
2076
2091
2102
2109
2111
2108
2099
2086
2069
2047
2027
2004
1981
1959
1940
1922
1909
1901
1898
1899
1905
1917
1932
1951
1972
1995
2018
2041
2062
2080
2094
2105
2109
2110
2105
2096
2081
2064
2043
