2007
2005
2004
2002
2000
1999
1999
1997
1996
1995
1993
1992
1991
1990
1989
1988
1986
1986
1985
1984
1982
1981
1981
1980
1978
1977
1977
1976
1975
1974
1973
1973
1972
1971
1971
1970
1969
1969
1969
1968
1968
1967
1967
1967
1966
1966
1966
1966
1967
1966
1966
1966
1966
1967
1967
1967
1967
1967
1968
1968
1969
1969
1969
1970
1971
1972
1972
1973
1974
1974
1975
1976
1976
1978
1979
1979
1981
1982
1983
1984
1985
1985
1988
1988
1989
1990
1989
1993
1994
1995
1996
1998
1999
2000
2001
2004
2006
2006
2008
2009
2010
2011
2013
2014
2017
2016
2017
2018
2020
2020
2022
2023
2024
2025
2027
2027
2028
2029
2030
2031
2032
2033
2035
2035
2035
2036
2038
2037
2038
2039
2039
2039
2040
2040
2041
2041
2041
2041
2040
2042
2042
2041
2042
2041
2042
2042
2042
2041
2041
2041
2042
2039
2040
2039
2039
2038
2038
2036
2036
2036
2035
2034
2033
2032
2032
2031
2030
2029
2029
2027
2028
2025
2024
2023
2022
2020
2020
2018
2017
2017
2015
2013
2014
2011
2010
2009
2008
2006
2004
2003
2002
2000
2000
1998
1997
1996
1995
1994
1992
1991
