1944
1997
2051
2095
2117
2113
2084
2035
1981
1930
1897
1889
1908
1949
2003
2057
2099
2119
2111
2079
2029
1973
1925
1895
1890
1913
1955
2010
2063
2102
2117
2109
2073
2022
1967
1921
1893
1890
1916
1962
2017
2069
2106
2119
2105
2068
2016
1961
1915
1891
1893
1921
1968
2024
2075
2109
2119
2102
2062
2009
1955
1912
1890
1895
1925
1974
2030
2080
2112
2118
2098
2057
2002
1949
1908
1889
1897
1931
1981
2036
2085
2113
2117
2094
2050
1996
1943
1905
1889
1900
1936
1988
2043
2089
2115
2116
2092
2044
1989
1937
