1964
1964
1964
1963
1964
1964
1964
1964
1965
1965
1966
1966
1966
1968
1968
1969
1970
1970
1971
1972
1972
1974
1975
1975
1976
1977
1979
1980
1982
1983
1984
1985
1986
1987
1989
1990
1992
1993
1995
1996
1998
1999
2001
2002
2004
2005
2008
2009
2010
2011
2013
2015
2016
2017
2018
2019
2021
2023
2024
2025
2026
2027
2030
2030
2031
2032
2033
2034
2036
2036
2037
2038
2038
2039
2040
2041
2041
2042
2042
2043
2043
2044
2044
2044
2045
2045
2041
2044
2045
2045
2045
2044
2044
2044
2043
2043
2042
2042
2041
2041
2041
2039
2039
2037
2037
2035
2035
2034
2034
2032
2031
2030
2025
2028
2027
2025
2024
2023
2022
2020
2018
2017
2016
2015
2013
2011
2010
2009
2008
2006
2005
2003
2001
2000
1999
1997
1996
1994
1993
1991
1990
1989
1988
1986
1985
1983
1982
1981
1980
1979
1977
1977
1976
1974
1973
1972
1972
1971
1970
1969
1968
1968
1967
1966
1966
1965
1965
1965
1965
1964
1964
1964
1960
1963
1964
1964
1963
1963
1961
1964
1965
1965
1965
1965
1966
1967
1968
1968
1969
1970
1970
1971
1973
1973
1975
1975
1977
1977
1978
1979
