2073
2075
2073
2079
2080
2081
2080
2080
2079
2077
2075
2073
2069
2066
2061
2057
2053
2047
2041
2035
2029
2023
2017
2010
2004
1997
1991
1985
1979
1974
1968
1962
1957
1952
1948
1943
1940
1937
1934
1932
1930
1929
1929
1928
1929
1929
1931
1933
1936
1938
1943
1945
1950
1955
1960
1966
1972
1977
1985
1991
1996
2003
2010
2017
2023
2029
2035
2041
2047
2052
2057
2061
2066
2070
2072
2075
2077
2079
2080
2080
2081
2079
2079
2077
2075
2072
2068
2065
2061
2056
2051
2046
2040
2034
2028
2021
2015
2009
2002
1997
1992
1984
1975
1972
1966
1961
1956
1951
1947
1943
1939
1936
1934
1931
1930
1929
1928
1929
1929
1930
1932
1934
1937
1940
1943
1947
1952
1956
1961
1967
1973
1979
1985
1992
1999
2005
2011
2018
2024
2031
2037
2042
2048
2053
2058
2063
2067
2070
2073
2076
2078
2079
2081
2081
2080
2079
2079
2077
2074
2071
2068
2064
2060
2055
2050
2044
2039
2032
2026
2020
2014
2007
2001
1994
1989
1982
1976
1970
1965
1959
1954
1949
1945
1941
1938
1935
1933
1931
1930
1929
1929
1929
1929
1931
1933
1935
1939
1940
1944
1948
