2018
2018
2017
2016
2015
2014
2014
2013
2012
2010
2009
2009
2008
2007
2007
2005
2002
2003
2003
2002
2001
2001
1999
1999
1998
1997
1996
1994
1994
1993
1992
1992
1991
1990
1989
1988
1988
1987
1986
1986
1985
1984
1983
1982
1982
1981
1981
1980
1980
1979
1979
1978
1978
1978
1978
1976
1976
1975
1975
1974
1974
1974
1974
1973
1973
1973
1973
1972
1973
1972
1972
1972
1972
1972
1974
1972
1969
1972
1972
1972
1973
1973
1973
1973
1973
1973
1974
1974
1975
1975
1975
1976
1977
1977
1977
1978
1978
1978
1979
1980
1981
1981
1982
1982
1983
1983
1985
1985
1985
1986
1986
1988
1989
1989
1991
1991
1992
1992
1993
1994
1995
1996
1997
1997
1999
2000
1998
2001
2003
2003
2004
2005
2007
2007
2008
2009
2010
2010
2012
2012
2013
2014
2015
2016
2017
2017
2018
2019
2020
2021
2017
2022
2023
2023
2024
2025
2025
2026
2027
2027
2029
2029
2029
2030
2031
2031
2031
2031
2033
2032
2033
2033
2034
2034
2034
2035
2035
2035
2036
2035
2033
2036
2036
2036
2036
2036
2036
2036
2036
2036
2035
2035
2036
2035
2035
2035
2035
2034
2034
2034
