1952
1951
1951
1950
1950
1950
1950
1950
1951
1951
1952
1952
1953
1954
1956
1957
1958
1959
1961
1962
1965
1967
1969
1970
1973
1975
1977
1980
1983
1985
1989
1991
1994
1997
2000
2003
2006
2009
2012
2015
2020
2020
2024
2026
2029
2032
2034
2037
2039
2041
2043
2045
2048
2049
2051
2052
2054
2055
2056
2057
2058
2059
2059
2059
2060
2060
2059
2059
2059
2058
2057
2056
2055
2054
2052
2051
2049
2048
2048
2044
2043
2039
2038
2035
2033
2031
2028
2025
2022
2019
2017
2014
2011
2008
2005
2002
1998
1996
1994
1991
1988
1985
1983
1980
1978
1975
1973
1971
1969
1967
1965
1962
1960
1960
1958
1956
1957
1954
1953
1952
1952
1951
1952
1949
1950
1950
1951
1950
1951
1951
1952
1953
1953
1955
1956
1957
1959
1960
1962
1964
1965
1968
1970
1972
1974
1977
1979
1981
1985
1987
1990
1993
1996
1998
2001
2005
2009
2010
2013
2016
2019
2022
2025
2027
2032
2033
2036
2038
2040
2042
2045
2047
2048
2050
2051
2053
2054
2055
2057
2057
2059
2059
2060
2060
2059
2059
2059
2059
2059
2057
2056
2056
2055
2053
2052
2050
2049
2047
2045
2043
