2068
2019
1968
1923
1895
1889
1908
1946
1996
2047
2090
2114
2117
2096
2057
2005
1954
1914
1892
1892
1913
1958
2006
2060
2098
2117
2114
2087
2043
1991
1943
1906
1889
1896
1925
1971
2023
2071
2105
2119
2109
2077
2030
1978
1932
1900
1890
1902
1936
1985
2037
2081
2110
2119
2102
2065
2017
1965
1922
1895
1887
1909
1949
1998
2049
2092
2115
2117
2094
2053
2003
1952
1913
1892
1893
1919
1961
2012
2062
2099
2117
2113
2085
2041
1989
1940
1905
1889
1898
1928
1974
2026
2071
2107
2120
2108
2075
2027
1975
1929
