2025
2022
2019
2016
2013
2010
2007
2003
1999
1997
1994
1991
1988
1985
1983
1980
1977
1974
1972
1969
1967
1964
1962
1960
1957
1956
1955
1953
1952
1951
1949
1949
1949
1948
1948
1947
1947
1947
1948
1948
1949
1949
1951
1952
1953
1954
1956
1957
1959
1961
1964
1965
1968
1971
1969
1976
1979
1982
1985
1988
1991
1994
1998
2001
2004
2007
2010
2013
2018
2019
2022
2025
2028
2031
2033
2036
2039
2041
2044
2046
2048
2050
2052
2053
2055
2056
2057
2058
2059
2060
2060
2061
2061
2061
2061
2060
2060
2058
2058
2057
2056
2055
2053
2052
2050
2048
2046
2044
2041
2039
2037
2034
2031
2029
2026
2023
2019
2017
2013
2011
2007
2004
2002
1997
1995
1992
1989
1986
1983
1981
1977
1975
1972
1969
1967
1965
1964
1961
1959
1956
1955
1954
1953
1951
1950
1949
1949
1948
1948
1947
1947
1947
1948
1948
1949
1949
1951
1952
1953
1954
1956
1957
1959
1961
1963
1965
1968
1970
1973
1975
1978
1981
1985
1987
1990
1993
1997
2000
2005
2006
2009
2013
2016
2019
2022
2024
2028
2031
2033
2036
2039
2041
2043
2045
2048
2049
2051
2053
2054
2056
