2031
2036
2040
2045
2048
2053
2056
2060
2062
2065
2068
2069
2071
2072
2073
2073
2074
2073
2073
2071
2067
2068
2066
2064
2062
2059
2056
2052
2049
2045
2040
2035
2031
2026
2021
2017
2012
2007
2002
1997
1992
1987
1983
1978
1973
1969
1966
1961
1958
1954
1952
1947
1945
1943
1941
1939
1938
1937
1936
1936
1936
1936
1939
1938
1939
1941
1943
1945
1948
1951
1954
1957
1961
1964
1969
1973
1978
1983
1988
1993
1999
2003
2009
2013
2018
2023
2028
2033
2037
2041
2045
2050
2053
2057
2061
2063
2067
2068
2070
2071
2073
2073
2073
2073
2073
2072
2072
2069
2068
2066
2064
2061
2058
2055
2051
2047
2043
2039
2034
2030
2027
2020
2015
2010
2005
2000
1996
1990
1986
1981
1977
1972
1968
1964
1960
1956
1953
1950
1947
1945
1940
1940
1940
1937
1936
1936
1936
1936
1936
1937
1938
1940
1941
1945
1946
1948
1951
1954
1958
1961
1966
1970
1974
1979
1986
1989
1994
1999
2004
2009
2015
2019
2024
2029
2034
2039
2043
2047
2051
2054
2058
2061
2064
2066
2068
2070
2072
2073
2073
2073
2073
2073
2072
2071
2070
2067
2065
2063
2061
2057
