1985
1943
1911
1892
1892
1909
1941
1982
2028
2069
2100
2116
2116
2097
2064
2021
1976
1935
1906
1891
1893
1914
1945
1991
2036
2076
2105
2117
2113
2091
2056
2012
1968
1928
1901
1890
1896
1920
1956
2000
2045
2083
2108
2118
2109
2085
2047
2003
1960
1922
1898
1890
1900
1926
1965
2009
2053
2089
2112
2117
2106
2078
2039
1994
1951
1916
1896
1890
1904
1933
1973
2018
2061
2094
2114
2117
2102
2071
2031
1985
1943
1911
1889
1891
1908
1940
1982
2027
2068
2100
2118
2115
2097
2063
2021
1976
1936
1905
1891
1893
