2119
2107
2060
1989
1926
1891
1896
1940
2007
2073
2113
2116
2078
2013
1946
1899
1889
1921
1983
2051
2104
2120
2094
2037
1968
1911
1888
1906
1960
2029
2089
2119
2108
2060
1991
1928
1891
1895
1939
2005
2071
2113
2116
2079
2015
1947
1900
1888
1917
1981
2050
2102
2120
2096
2039
1969
1913
1888
1906
1958
2027
2088
2118
2108
2061
1993
1929
1892
1895
1937
2003
2070
2112
2116
2080
2016
1949
1901
1889
1919
1980
2049
2101
2120
2097
2041
1971
1914
1888
1904
1957
2025
2087
2118
2109
2061
1994
1930
1892
1894
