2011
2022
2033
2045
2055
2064
2072
2079
2086
2090
2093
2095
2096
2095
2093
2089
2084
2078
2069
2061
2052
2041
2031
2019
2008
1997
1985
1974
1964
1954
1945
1937
1929
1924
1919
1916
1913
1913
1914
1915
1919
1923
1929
1937
1945
1955
1965
1976
1987
1999
2010
2021
2033
2044
2053
2063
2071
2079
2085
2090
2093
2095
2096
2095
2093
2089
2084
2077
2070
2061
2052
2041
2031
2020
2008
1997
1982
1975
1964
1954
1945
1937
1929
1924
1920
1916
1912
1913
1913
1916
1919
1924
1929
1937
1945
1955
1965
1976
1987
1998
