1997
1996
1996
1995
1994
1994
1994
1993
1993
1992
1990
1991
1991
1990
1987
1989
1989
1989
1988
1988
1987
1987
1987
1986
1986
1985
1985
1984
1984
1984
1983
1983
1983
1982
1983
1981
1981
1981
1981
1981
1981
1980
1981
1980
1980
1980
1979
1979
1978
1979
1978
1979
1979
1978
1978
1978
1978
1978
1978
1978
1978
1978
1978
1978
1978
1978
1978
1978
1978
1978
1979
1979
1979
1979
1980
1980
1980
1980
1981
1981
1981
1981
1981
1981
1982
1983
1982
1983
1983
1983
1984
1984
1985
1985
1986
1986
1986
1986
1987
1987
1987
1988
1989
1989
1989
1990
1991
1991
1991
1992
1993
1993
1993
1994
1995
1995
1996
1996
1997
1997
1998
1999
1999
1999
2000
2001
2003
2002
2002
2003
2004
2005
2005
2005
2006
2007
2007
2008
2009
2009
2009
2010
2009
2011
2012
2013
2013
2014
2013
2015
2015
2015
2017
2017
2017
2017
2017
2019
2020
2019
2020
2020
2021
2021
2022
2022
2022
2023
2023
2024
2024
2024
2025
2025
2025
2025
2026
2026
2026
2027
2027
2027
2028
2028
2028
2028
2029
2029
2029
2029
2026
2029
2029
2030
2029
2029
2030
2029
2029
2030
