1966
1965
1965
1964
1963
1962
1962
1961
1961
1961
1961
1960
1961
1960
1960
1960
1961
1961
1961
1961
1961
1963
1964
1964
1966
1965
1966
1967
1969
1969
1970
1971
1972
1973
1975
1975
1977
1979
1980
1981
1983
1984
1985
1987
1986
1991
1993
1994
1996
1997
2001
2001
2005
2005
2007
2008
2010
2012
2013
2015
2017
2018
2020
2022
2025
2024
2026
2027
2029
2030
2032
2033
2035
2035
2037
2037
2039
2040
2041
2042
2042
2044
2046
2045
2045
2045
2046
2047
2047
2047
2047
2048
2047
2047
2047
2047
2049
2047
2046
2046
2045
2045
2044
2043
2043
2042
2041
2040
2039
2038
2037
2036
2035
2033
2032
2031
2030
2028
2027
2025
2024
2023
2019
2019
2018
2016
2014
2013
2010
2009
2008
2005
2004
2002
2000
1999
1997
1995
1994
1992
1991
1989
1985
1985
1985
1983
1982
1980
1980
1977
1976
1975
1973
1972
1971
1970
1969
1968
1967
1966
1965
1964
1965
1963
1962
1962
1962
1961
1961
1961
1961
1961
1960
1961
1961
1960
1961
1961
1962
1961
1963
1963
1964
1965
1965
1966
1967
1968
1969
1970
1971
1972
1973
1974
1976
1977
1978
1979
1981
1983
