2036
2022
2008
1995
1982
1969
1957
1946
1936
1928
1921
1915
1912
1910
1909
1911
1914
1919
1925
1935
1945
1956
1969
1980
1993
2007
2021
2033
2046
2058
2068
2078
2086
2092
2097
2098
2100
2098
2096
2091
2084
2076
2066
2056
2044
2031
2018
2005
1992
1979
1967
1955
1944
1934
1925
1919
1914
1911
1909
1909
1911
1915
1922
1928
1937
1946
1959
1971
1984
1997
2011
2023
2037
2049
2061
2070
2077
2087
2093
2097
2099
2100
2098
2095
2089
2083
2073
2064
2053
2041
2029
2016
2004
1989
1977
1964
1952
1941
1932
1924
