1963
1960
1957
1955
1953
1951
1949
1948
1947
1945
1944
1944
1943
1943
1943
1943
1943
1944
1945
1946
1947
1949
1951
1952
1955
1956
1959
1961
1965
1967
1970
1973
1977
1980
1984
1988
1988
1995
1999
2002
2004
2010
2014
2018
2021
2024
2028
2031
2034
2038
2041
2043
2047
2049
2052
2054
2056
2058
2060
2061
2063
2063
2064
2065
2065
2065
2065
2065
2064
2064
2063
2061
2060
2058
2057
2055
2052
2050
2048
2044
2042
2039
2036
2033
2029
2025
2023
2019
2015
2011
2008
2004
2000
1996
1993
1989
1985
1982
1980
1975
1973
1969
1967
1964
1961
1958
1956
1954
1952
1950
1949
1947
1945
1944
1944
1943
1943
1943
1943
1943
1944
1945
1946
1947
1948
1949
1952
1953
1956
1958
1960
1963
1966
1969
1972
1976
1979
1982
1986
1990
1994
1997
2001
2004
2008
2013
2016
2020
2023
2027
2030
2033
2037
2040
2045
2045
2048
2051
2053
2055
2057
2058
2061
2061
2063
2064
2064
2065
2065
2065
2065
2065
2064
2063
2059
2060
2059
2057
2055
2053
2051
2048
2046
2043
2040
2037
2033
2030
2027
2023
2020
2017
2013
2009
2005
2001
1998
1994
1991
1987
