2115
2102
2079
2049
2015
1979
1946
1918
1900
1891
1895
1910
1935
1967
2002
2038
2071
2096
2113
2116
2110
2091
2065
2032
1996
1961
1930
1907
1895
1892
1904
1922
1951
1985
2021
2055
2084
2105
2116
2114
2102
2079
2049
2014
1978
1945
1918
1900
1892
1895
1911
1936
1968
2003
2039
2071
2096
2112
2116
2109
2091
2064
2032
1995
1960
1930
1908
1894
1892
1902
1922
1952
1986
2021
2056
2085
2105
2115
2110
2101
2078
2048
2013
1978
1944
1917
1900
1892
1896
1911
1936
1969
2004
2039
2072
2097
2112
2116
2109
2090
