2047
2047
2047
2047
2047
2047
2047
2047
2047
2047
2046
2046
2045
2045
2044
2043
2043
2042
2042
2040
2039
2038
2037
2036
2035
2033
2033
2032
2030
2029
2028
2025
2025
2023
2021
2019
2018
2016
2015
2013
2011
2009
2008
2006
2005
2003
2001
1999
1998
1996
1994
1992
1991
1989
1986
1986
1985
1983
1982
1980
1977
1977
1977
1975
1974
1972
1972
1969
1969
1969
1968
1966
1966
1965
1964
1964
1963
1963
1962
1961
1961
1961
1960
1960
1961
1960
1961
1961
1961
1961
1961
1962
1963
1962
1964
1965
1965
1966
1967
1968
1969
1969
1970
1972
1973
1973
1975
1976
1978
1979
1979
1982
1984
1985
1987
1988
1990
1991
1993
1995
1997
1998
2000
2001
2004
2005
2008
2009
2011
2012
2014
2016
2017
2019
2021
2022
2024
2025
2028
2028
2029
2031
2033
2033
2035
2036
2037
2038
2040
2040
2041
2042
2043
2044
2044
2045
2046
2046
2047
2046
2047
2047
2047
2047
2048
2048
2047
2047
2047
2046
2046
2045
2045
2045
2044
2043
2042
2041
2040
2040
2039
2038
2037
2036
2034
2033
2032
2031
2029
2028
2026
2024
2023
2022
2020
2018
2017
2015
2013
2011
