1907
1928
1955
1986
2020
2050
2078
2099
2112
2115
2109
2093
2070
2042
2010
1977
1948
1922
1904
1895
1894
1903
1921
1946
1977
2009
2039
2070
2093
2109
2116
2112
2099
2079
2051
2021
1985
1956
1929
1909
1896
1893
1899
1914
1938
1966
1999
2031
2061
2086
2104
2113
2114
2105
2086
2061
2031
1998
1965
1937
1915
1900
1893
1896
1909
1930
1957
1988
2021
2053
2080
2100
2114
2114
2108
2092
2069
2040
2008
1976
1946
1921
1903
1894
1893
1904
1923
1948
1979
2011
2045
2071
2095
2109
2115
2111
2098
2077
2049
2018
