2046
2045
2045
2043
2042
2041
2040
2039
2037
2036
2035
2033
2032
2030
2029
2026
2025
2023
2021
2019
2017
2016
2013
2012
2011
2007
2005
2004
2002
2000
1998
1996
1994
1992
1990
1988
1987
1985
1983
1981
1980
1978
1977
1975
1974
1972
1970
1969
1968
1967
1964
1965
1963
1962
1962
1961
1960
1960
1960
1959
1958
1958
1958
1957
1958
1957
1958
1958
1959
1959
1959
1960
1960
1961
1962
1962
1964
1964
1966
1967
1968
1969
1970
1971
1973
1975
1976
1978
1980
1981
1983
1985
1986
1988
1991
1992
1994
1997
1999
2001
2002
2005
2006
2008
2010
2012
2014
2016
2018
2020
2022
2024
2026
2027
2029
2031
2033
2033
2034
2037
2038
2040
2041
2041
2043
2044
2045
2046
2045
2047
2048
2049
2049
2049
2050
2050
2050
2050
2050
2050
2050
2050
2050
2049
2048
2048
2048
2046
2046
2045
2044
2043
2042
2041
2039
2037
2036
2035
2033
2032
2030
2029
2027
2026
2024
2022
2020
2018
2016
2014
2012
2010
2009
2006
2005
2002
2001
1999
1997
1995
1993
1991
1989
1987
1985
1984
1983
1980
1980
1977
1975
1973
1973
1971
1970
1968
1968
1966
1965
1963
