2043
2037
2032
2026
2020
2014
2008
2001
1996
1990
1984
1978
1972
1967
1961
1957
1952
1948
1944
1941
1938
1936
1933
1931
1931
1929
1930
1929
1931
1932
1934
1936
1939
1941
1945
1949
1953
1958
1963
1969
1974
1981
1986
1993
1997
2005
2011
2017
2024
2029
2036
2041
2046
2052
2056
2061
2065
2068
2071
2074
2076
2078
2079
2079
2080
2078
2078
2076
2074
2072
2069
2066
2061
2058
2053
2048
2043
2037
2032
2025
2020
2014
2008
2001
1992
1989
1984
1978
1972
1967
1962
1957
1952
1948
1944
1941
1938
1935
1933
1932
1930
1930
1930
1930
1931
1932
1934
1936
1939
1942
1946
1949
1954
1958
1964
1969
1975
1981
1987
1993
2000
2005
2012
2018
2024
2030
2036
2041
2047
2052
2056
2061
2065
2068
2070
2074
2077
2078
2079
2079
2079
2079
2077
2076
2074
2072
2068
2065
2062
2058
2053
2048
2042
2037
2032
2025
2020
2013
2007
2001
1995
1989
1983
1977
1969
1966
1961
1956
1952
1948
1944
1941
1937
1935
1933
1931
1930
1930
1929
1930
1931
1933
1934
1936
1939
1942
1945
1949
1953
1958
1964
1969
1975
1981
1987
1993
2000
2006
2012
2018
