1988
2065
2114
2112
2058
1979
1912
1887
1919
1989
2067
2115
2111
2056
1977
1910
1888
1920
1992
2070
2116
2110
2054
1974
1907
1887
1922
1994
2072
2116
2109
2051
1972
1908
1888
1923
1997
2073
2117
2108
2049
1969
1906
1887
1925
2000
2076
2117
2106
2047
1967
1904
1888
1928
2004
2078
2119
2105
2044
1964
1903
1889
1929
2005
2080
2119
2105
2041
1962
1902
1890
1932
2008
2082
2120
2103
2039
1959
1901
1890
1934
2011
2084
2120
2100
2036
1956
1899
1890
1936
2013
2086
2120
2099
2033
1954
1898
1892
1939
2016
