1953
1937
1924
1913
1906
1901
1901
1904
1910
1920
1933
1949
1966
1985
2002
2023
2043
2060
2075
2087
2098
2104
2107
2107
2102
2095
2084
2070
2054
2036
2017
1998
1979
1960
1943
1929
1920
1908
1903
1901
1902
1907
1915
1927
1942
1958
1977
1996
2016
2034
2053
2069
2084
2094
2103
2106
2105
2105
2098
2088
2076
2061
2043
2025
2006
1986
1969
1950
1935
1921
1911
1905
1901
1901
1905
1911
1922
1936
1953
1969
1988
2008
2028
2046
2063
2078
2087
2099
2105
2108
2106
2101
2093
2081
2067
2050
2032
2013
1993
1974
