2115
2100
2074
2039
2000
1961
1928
1904
1892
1893
1909
1936
1971
2011
2049
2082
2105
2116
2114
2097
2070
2034
1995
1957
1927
1902
1892
1895
1912
1940
1976
2015
2053
2085
2108
2117
2113
2095
2066
2029
1990
1952
1921
1900
1891
1896
1915
1944
1981
2020
2058
2088
2109
2117
2111
2091
2061
2024
1985
1948
1918
1898
1891
1897
1918
1949
1985
2025
2063
2092
2111
2117
2109
2088
2057
2020
1981
1944
1915
1896
1891
1899
1921
1953
1991
2031
2066
2095
2112
2116
2107
2084
2052
2014
1976
1939
1910
1895
1891
1901
