2045
2066
2086
2099
2109
2112
2110
2101
2085
2070
2050
2026
2002
1977
1954
1933
1917
1905
1898
1897
1901
1910
1925
1945
1967
1991
2016
2040
2062
2081
2097
2107
2111
2111
2105
2092
2075
2055
2031
2007
1983
1959
1938
1920
1908
1899
1896
1899
1908
1921
1941
1962
1985
2011
2036
2058
2079
2094
2105
2111
2111
2105
2095
2078
2059
2036
2012
1987
1963
1941
1923
1909
1901
1896
1899
1906
1919
1937
1957
1982
2007
2031
2055
2075
2092
2104
2111
2111
2106
2097
2081
2061
2040
2015
1990
1966
1944
1925
1911
1901
