2001
2004
2009
2013
2017
2021
2024
2029
2032
2036
2038
2043
2046
2049
2052
2054
2056
2059
2061
2063
2064
2065
2066
2066
2067
2068
2068
2067
2066
2065
2064
2063
2062
2060
2058
2056
2054
2051
2048
2045
2042
2038
2035
2031
2028
2024
2020
2016
2013
2008
2004
2001
1996
1992
1989
1985
1981
1977
1975
1971
1968
1965
1961
1959
1953
1954
1952
1949
1948
1946
1945
1944
1943
1942
1942
1942
1942
1941
1943
1944
1945
1946
1948
1949
1951
1952
1955
1957
1960
1963
1966
1969
1972
1976
1979
1983
1987
1991
1995
1999
2004
2007
2011
2016
2020
2023
2027
2030
2035
2038
2041
2045
2047
2051
2055
2055
2057
2060
2062
2063
2065
2066
2067
2067
2068
2067
2067
2067
2066
2065
2060
2063
2061
2059
2056
2054
2052
2049
2046
2043
2039
2036
2033
2029
2025
2021
2017
2013
2009
2005
2001
1998
1994
1990
1986
1983
1979
1976
1972
1969
1966
1962
1960
1957
1955
1953
1951
1948
1943
1945
1943
1943
1942
1943
1942
1941
1942
1942
1943
1944
1945
1946
1948
1950
1952
1953
1956
1959
1962
1965
1968
1971
1975
1978
1981
1986
1987
1993
1998
2001
