2040
2033
2026
2019
2012
2004
1997
1990
1983
1976
1969
1963
1956
1951
1943
1941
1937
1933
1930
1928
1926
1925
1925
1925
1926
1928
1930
1932
1933
1939
1944
1949
1955
1961
1968
1975
1981
1989
1997
2004
2012
2019
2027
2033
2040
2047
2053
2059
2064
2069
2073
2077
2080
2082
2083
2084
2083
2084
2082
2081
2079
2074
2071
2066
2062
2056
2050
2044
2037
2030
2023
2016
2009
2001
1994
1987
1980
1972
1966
1960
1955
1948
1944
1938
1935
1932
1928
1927
1925
1925
1925
1925
1927
1929
1931
1933
1937
1941
1946
1952
1958
1964
1971
1977
1985
1993
2000
2007
2015
2022
2029
2036
2044
2049
2056
2062
2066
2071
2074
2078
2081
2082
2084
2084
2082
2083
2079
2079
2077
2073
2069
2065
2060
2053
2047
2041
2034
2027
2019
2013
2005
1998
1991
1983
1977
1969
1963
1957
1951
1946
1942
1937
1934
1930
1928
1926
1925
1924
1925
1926
1928
1929
1932
1935
1939
1944
1949
1954
1960
1966
1974
1981
1988
1996
2003
2011
2017
2025
2033
2039
2046
2052
2058
2064
2069
2073
2076
2079
2082
2083
2084
2084
2084
2082
2081
2079
2075
2072
2068
2063
