2013
2059
2094
2114
2117
2100
2068
2025
1979
1936
1906
1891
1894
1917
1954
1999
2045
2084
2110
2118
2107
2079
2039
1993
1949
1913
1893
1891
1908
1941
1981
2031
2073
2103
2117
2113
2090
2052
2008
1962
1923
1898
1889
1901
1930
1970
2017
2060
2096
2115
2117
2098
2065
2022
1976
1934
1905
1890
1896
1919
1956
2002
2047
2086
2111
2118
2106
2077
2036
1991
1947
1912
1893
1891
1910
1943
1987
2033
2075
2105
2118
2112
2088
2050
2005
1960
1921
1897
1890
1902
1931
1973
2019
2063
2097
2115
2116
2097
2064
2019
