2041
2036
2033
2028
2023
2017
2013
2008
2003
1998
1994
1988
1984
1980
1975
1970
1967
1962
1958
1954
1951
1948
1945
1943
1940
1939
1938
1936
1936
1935
1935
1936
1936
1937
1938
1940
1942
1944
1947
1949
1953
1956
1960
1964
1969
1973
1977
1982
1987
1992
1997
2002
2007
2012
2017
2022
2028
2031
2036
2040
2044
2048
2052
2056
2057
2061
2064
2066
2069
2070
2071
2073
2073
2073
2073
2072
2071
2070
2069
2066
2064
2062
2059
2056
2053
2049
2045
2041
2037
2032
2028
2023
2018
2013
2008
2003
1999
1993
1988
1984
1980
1975
1970
1966
1962
1958
1954
1951
1948
1945
1943
1941
1939
1937
1937
1936
1935
1935
1935
1936
1937
1938
1940
1942
1945
1947
1950
1953
1957
1960
1964
1968
1973
1978
1982
1987
1992
1997
2002
2008
2012
2017
2021
2027
2032
2036
2040
2045
2049
2052
2056
2058
2062
2064
2066
2069
2070
2071
2072
2073
2073
2073
2072
2071
2071
2068
2066
2064
2062
2059
2056
2052
2046
2045
2039
2037
2032
2027
2023
2017
2013
2007
2002
1997
1993
1988
1984
1979
1974
1969
1965
1961
1957
1954
1951
1948
1945
1943
1941
1938
