1960
1957
1955
1953
1951
1949
1947
1946
1944
1943
1943
1942
1942
1941
1942
1943
1943
1945
1945
1946
1948
1950
1952
1953
1957
1959
1961
1965
1967
1970
1974
1978
1980
1985
1989
1993
1997
2001
2005
2009
2014
2017
2021
2025
2029
2033
2036
2040
2044
2047
2050
2052
2055
2057
2060
2061
2063
2064
2065
2066
2067
2067
2067
2067
2068
2066
2065
2064
2063
2061
2060
2057
2055
2053
2050
2047
2044
2041
2040
2034
2030
2027
2022
2019
2015
2011
2007
2003
2000
1996
1992
1988
1985
1981
1977
1973
1970
1967
1964
1961
1958
1956
1953
1951
1950
1948
1946
1945
1944
1943
1942
1941
1941
1942
1943
1943
1944
1945
1947
1948
1950
1952
1953
1955
1958
1961
1964
1967
1969
1973
1977
1981
1985
1988
1992
1996
2001
2004
2009
2013
2017
2020
2025
2028
2032
2035
2039
2043
2045
2049
2052
2053
2057
2058
2061
2062
2064
2065
2066
2067
2067
2068
2068
2067
2066
2066
2064
2063
2062
2060
2058
2056
2053
2051
2048
2045
2042
2039
2035
2031
2028
2024
2020
2016
2013
2009
2004
2001
1997
1993
1989
1985
1980
1978
1975
1971
1968
1965
1962
1959
