2015
2017
2019
2022
2024
2026
2029
2031
2033
2035
2037
2039
2041
2042
2044
2045
2047
2048
2049
2051
2052
2053
2054
2054
2055
2055
2056
2056
2056
2055
2055
2055
2055
2053
2053
2052
2052
2050
2048
2048
2047
2045
2044
2042
2043
2039
2037
2034
2032
2031
2029
2027
2024
2021
2019
2017
2015
2012
2007
2007
2004
2001
2000
1996
1994
1992
1989
1987
1985
1983
1981
1978
1976
1974
1972
1970
1969
1966
1965
1963
1962
1960
1959
1959
1957
1956
1955
1954
1954
1953
1953
1953
1952
1953
1952
1953
1953
1953
1954
1955
1956
1956
1957
1959
1961
1961
1962
1964
1966
1968
1969
1972
1973
1974
1980
1979
1982
1985
1987
1989
1992
1994
1997
1999
2002
2005
2007
2009
2013
2015
2017
2019
2021
2024
2026
2029
2031
2033
2036
2037
2040
2041
2043
2045
2046
2047
2048
2050
2051
2052
2053
2054
2055
2055
2055
2055
2056
2056
2056
2056
2055
2055
2054
2053
2053
2051
2053
2049
2048
2047
2045
2044
2042
2041
2039
2037
2035
2033
2031
2029
2027
2024
2022
2019
2017
2015
2012
2009
2007
2004
2002
2000
1997
1994
1992
1990
1987
1985
1983
1981
