2050
2049
2048
2047
2045
2044
2043
2041
2040
2039
2037
2035
2033
2032
2030
2028
2026
2024
2022
2020
2018
2015
2013
2011
2009
2007
2004
2002
2000
1997
1993
1993
1991
1989
1987
1985
1985
1981
1979
1977
1975
1973
1972
1970
1968
1967
1965
1964
1963
1961
1961
1960
1959
1957
1957
1956
1956
1956
1955
1954
1955
1954
1955
1955
1955
1956
1953
1956
1957
1958
1959
1960
1961
1962
1964
1965
1967
1967
1969
1970
1975
1974
1976
1978
1980
1981
1984
1986
1988
1990
1992
1994
1997
1999
2002
2004
2006
2009
2010
2013
2015
2017
2019
2021
2024
2026
2030
2029
2029
2033
2035
2037
2039
2040
2042
2043
2044
2046
2047
2048
2049
2049
2051
2051
2052
2052
2053
2053
2054
2053
2053
2053
2052
2052
2052
2052
2052
2050
2049
2048
2047
2046
2045
2044
2042
2041
2039
2038
2036
2035
2033
2031
2029
2027
2027
2022
2021
2018
2017
2014
2012
2010
2008
2005
2003
2001
1999
1997
1994
1993
1989
1987
1987
1984
1982
1980
1977
1976
1974
1972
1971
1969
1968
1966
1965
1964
1962
1961
1960
1959
1958
1957
1957
1956
1956
1956
1955
1955
1955
1955
