1967
1993
2022
2050
2074
2093
2106
2113
2112
2104
2088
2067
2042
2014
1985
1957
1934
1915
1901
1895
1896
1904
1920
1941
1967
1995
2024
2051
2075
2095
2108
2113
2112
2103
2087
2066
2040
2012
1984
1956
1933
1914
1901
1895
1896
1905
1921
1943
1969
1997
2025
2052
2076
2096
2108
2113
2112
2102
2086
2064
2039
2011
1982
1955
1932
1913
1899
1895
1896
1906
1922
1944
1970
1998
2026
2053
2078
2096
2108
2113
2111
2102
2085
2063
2037
2009
1981
1954
1930
1912
1900
1895
1897
1906
1922
1945
1971
1999
2028
2055
