1891
1940
2022
2094
2120
2087
2011
1932
1889
1905
1972
2055
2112
2113
2060
1977
1908
1888
1929
2005
2083
2120
2097
2027
1945
1893
1897
1957
2040
2105
2118
2073
1993
1918
1887
1917
1991
2071
2117
2106
2042
1959
1899
1892
1943
2025
2097
2120
2085
2008
1929
1888
1907
1975
2058
2113
2112
2056
1971
1906
1888
1930
2009
2086
2120
2095
2024
1941
1892
1898
1960
2044
2106
2117
2070
1989
1916
1887
1919
1994
2074
2118
2105
2039
1956
1897
1893
1946
2028
2098
2120
2082
2005
1927
1888
1909
1978
2061
2113
2112
