1995
1986
1977
1968
1959
1952
1945
1939
1932
1928
1924
1921
1919
1917
1918
1919
1921
1924
1927
1932
1937
1945
1952
1960
1969
1978
1986
1996
2005
2015
2024
2033
2042
2050
2058
2065
2071
2077
2081
2085
2088
2090
2090
2090
2088
2087
2080
2079
2074
2068
2061
2053
2046
2036
2029
2019
2010
2000
1991
1981
1973
1964
1956
1949
1943
1935
1928
1926
1922
1920
1919
1918
1919
1920
1923
1925
1929
1935
1941
1948
1956
1965
1973
1982
1991
2001
2010
2019
2029
2037
2048
2054
2061
2068
2074
2079
2083
2087
2088
2090
2093
2089
2088
2085
2081
2077
2071
2065
2059
2049
2042
2033
2024
2014
2005
1996
1986
1977
1969
1960
1953
1945
1939
1932
1927
1924
1921
1919
1917
1917
1919
1921
1924
1927
1932
1937
1945
1952
1960
1968
1979
1986
1995
2005
2015
2024
2033
2041
2050
2057
2065
2071
2077
2081
2085
2088
2089
2090
2090
2089
2087
2083
2079
2074
2068
2061
2054
2046
2037
2028
2019
2010
2000
1991
1981
1973
1965
1957
1949
1942
1936
1930
1926
1922
1920
1918
1917
1918
1917
1921
1925
1929
1935
1941
1948
1956
1964
1972
1981
1991
