1899
1889
1919
1978
2045
2099
2120
2101
2050
1982
1922
1890
1897
1940
2006
2070
2112
2117
2083
2022
1955
1905
1888
1911
1965
2034
2092
2119
2108
2061
1995
1931
1893
1893
1931
1993
2060
2107
2120
2092
2034
1967
1912
1888
1904
1955
2022
2083
2116
2112
2071
2006
1941
1898
1889
1922
1982
2049
2101
2120
2100
2046
1978
1920
1891
1898
1944
2009
2074
2113
2116
2081
2018
1952
1903
1889
1913
1969
2037
2093
2120
2105
2057
1991
1929
1892
1893
1933
1997
2063
2111
2119
2089
2031
1963
1909
1888
1906
1958
2025
