2071
2074
2078
2081
2083
2084
2085
2085
2084
2082
2080
2077
2074
2069
2065
2060
2053
2047
2040
2033
2026
2018
2011
2003
1996
1988
1981
1973
1967
1960
1953
1948
1942
1938
1934
1930
1927
1925
1924
1923
1923
1924
1925
1928
1930
1934
1938
1942
1948
1953
1960
1967
1974
1981
1989
1997
2004
2012
2019
2026
2034
2041
2048
2053
2060
2065
2070
2074
2077
2081
2081
2084
2083
2085
2084
2082
2080
2078
2074
2070
2065
2060
2054
2048
2041
2034
2027
2019
2010
2004
1997
1989
1981
1974
1967
1961
1954
1949
1943
1938
1935
1931
1928
1925
1924
1923
1923
1924
1921
1927
1930
1933
1938
1942
1947
1953
1959
1966
1973
1980
1988
1995
2003
2010
2018
2026
2033
2040
2047
2053
2059
2065
2069
2073
2077
2080
2082
2084
2085
2084
2084
2083
2080
2078
2075
2071
2068
2061
2055
2048
2042
2035
2028
2020
2013
2005
1997
1990
1982
1975
1968
1961
1956
1949
1944
1940
1935
1931
1928
1926
1924
1924
1923
1924
1925
1927
1929
1933
1937
1941
1946
1952
1959
1965
1972
1980
1987
1995
2002
2010
2017
2025
2033
2040
2046
2053
2059
2064
2069
2073
