2071
2111
2118
2090
2036
1972
1918
1889
1897
1937
1997
2060
2105
2119
2099
2048
1984
1927
1893
1892
1927
1985
2050
2099
2121
2105
2060
1997
1936
1897
1889
1918
1973
2037
2091
2118
2111
2070
2009
1947
1903
1888
1910
1961
2024
2082
2116
2115
2080
2022
1959
1909
1889
1903
1949
2012
2073
2112
2118
2089
2034
1970
1917
1889
1898
1938
2000
2061
2106
2119
2097
2046
1983
1925
1893
1893
1928
1987
2050
2099
2120
2104
2058
1995
1935
1896
1890
1919
1975
2039
2092
2118
2110
2068
2007
1945
1901
1889
1909
1963
