2000
2029
2058
2083
2101
2112
2114
2109
2095
2074
2047
2018
1988
1958
1933
1913
1900
1894
1896
1908
1927
1951
1978
2010
2041
2068
2089
2106
2113
2113
2104
2088
2064
2037
2007
1977
1949
1925
1907
1896
1894
1899
1914
1935
1961
1991
2021
2051
2077
2097
2109
2114
2111
2099
2080
2055
2026
1996
1966
1939
1918
1902
1895
1894
1904
1921
1944
1971
2002
2033
2061
2084
2102
2112
2114
2108
2093
2071
2045
2016
1986
1956
1933
1911
1898
1893
1897
1909
1928
1953
1983
2013
2042
2070
2092
2106
2113
2112
2103
2085
