1889
1898
1922
1957
2001
2043
2080
2106
2117
2113
2087
2057
2016
1973
1934
1906
1891
1893
1912
1944
1980
2027
2067
2098
2115
2116
2101
2071
2032
1988
1948
1915
1895
1890
1903
1930
1968
2011
2053
2088
2111
2118
2109
2083
2048
2005
1963
1926
1901
1890
1896
1918
1953
1994
2038
2077
2104
2117
2114
2095
2062
2021
1978
1938
1909
1893
1892
1909
1939
1978
2019
2063
2095
2113
2117
2103
2075
2036
1994
1953
1919
1897
1890
1901
1926
1962
2006
2049
2085
2109
2118
2110
2087
2052
2011
1967
1929
1904
1890
1895
