1921
1922
1925
1929
1933
1938
1944
1951
1958
1966
1974
1983
1991
2000
2010
2018
2028
2036
2045
2052
2060
2065
2071
2077
2081
2085
2089
2089
2089
2089
2087
2085
2083
2078
2074
2068
2062
2055
2048
2040
2032
2023
2014
2005
1997
1988
1980
1971
1963
1956
1949
1942
1937
1932
1928
1924
1921
1921
1921
1920
1921
1923
1926
1929
1934
1939
1945
1952
1960
1968
1977
1985
1993
2001
2012
2020
2029
2037
2046
2054
2062
2067
2072
2077
2082
2085
2088
2089
2088
2088
2087
2085
2082
2078
2073
2067
2061
2054
2046
2038
2030
2021
2013
2004
1995
1986
1978
1969
1961
1955
1948
1941
1935
1931
1927
1923
1921
1921
1920
1920
1921
1923
1926
1930
1932
1940
1946
1953
1961
1969
1978
1986
1995
2004
2013
2022
2031
2039
2047
2055
2062
2068
2073
2079
2082
2085
2088
2089
2089
2088
2087
2084
2081
2077
2072
2066
2060
2052
2045
2037
2028
2019
2013
2001
1993
1985
1976
1968
1959
1953
1946
1940
1934
1930
1926
1923
1921
1920
1920
1920
1922
1924
1927
1931
1936
1941
1948
1955
1962
1971
1978
1988
1997
2005
2015
2023
2033
2041
2049
2057
