2026
1969
1917
1892
1892
1921
1969
2027
2079
2112
2118
2095
2051
1994
1940
1902
1889
1905
1946
2001
2057
2100
2119
2109
2073
2019
1960
1915
1890
1894
1925
1976
2034
2084
2114
2117
2092
2045
1987
1934
1898
1889
1909
1952
2009
2063
2104
2119
2106
2067
2013
1956
1912
1889
1896
1930
1983
2040
2088
2116
2116
2087
2038
1981
1929
1896
1890
1913
1958
2015
2070
2107
2119
2103
2061
2005
1950
1908
1889
1899
1936
1989
2047
2093
2117
2113
2082
2031
1974
1924
1894
1890
1917
1965
2022
2075
2110
2119
2099
2055
