1964
1966
1968
1970
1972
1974
1977
1978
1982
1985
1987
1990
1993
1996
1997
2001
2005
2007
2010
2013
2017
2020
2022
2025
2027
2030
2033
2035
2038
2040
2042
2045
2047
2048
2050
2051
2053
2054
2056
2057
2057
2058
2059
2059
2059
2060
2060
2059
2058
2058
2057
2057
2055
2054
2053
2052
2050
2049
2047
2045
2044
2041
2039
2037
2034
2032
2029
2026
2024
2020
2019
2015
2011
2009
2006
2004
2001
1998
1995
1993
1989
1987
1985
1982
1977
1977
1973
1972
1970
1968
1966
1964
1962
1960
1958
1957
1956
1954
1954
1953
1952
1951
1951
1951
1950
1950
1950
1950
1950
1951
1951
1952
1953
1954
1955
1956
1958
1959
1961
1962
1965
1966
1968
1971
1973
1975
1977
1980
1983
1985
1988
1991
1994
1996
2000
2003
2006
2008
2012
2015
2018
2020
2023
2026
2029
2031
2035
2036
2039
2041
2043
2045
2047
2049
2048
2052
2054
2055
2056
2057
2058
2058
2059
2060
2060
2060
2060
2059
2059
2058
2057
2056
2055
2054
2052
2052
2049
2048
2046
2045
2042
2040
2038
2035
2033
2031
2028
2025
2023
2020
2017
2014
2012
2009
2005
2003
2000
1997
1994
1991
