2009
2035
2061
2081
2098
2108
2113
2110
2102
2087
2068
2043
2018
1991
1965
1942
1922
1907
1898
1895
1899
1909
1925
1946
1971
1997
2024
2050
2073
2091
2105
2111
2113
2106
2094
2076
2055
2029
2002
1976
1952
1930
1913
1901
1896
1897
1904
1918
1936
1960
1986
2013
2039
2063
2084
2099
2109
2112
2109
2100
2084
2064
2040
2015
1988
1962
1939
1920
1905
1897
1896
1900
1911
1928
1950
1975
2002
2028
2053
2076
2093
2105
2112
2112
2105
2091
2073
2050
2025
1999
1973
1948
1927
1911
1900
1896
1897
1906
1921
1940
