2017
2006
1996
1985
1975
1965
1957
1949
1940
1933
1928
1923
1919
1917
1916
1915
1916
1919
1921
1925
1932
1937
1946
1954
1963
1973
1983
1994
2004
2015
2026
2035
2045
2054
2063
2071
2077
2083
2087
2090
2093
2093
2093
2091
2089
2085
2080
2074
2067
2058
2050
2041
2030
2020
2009
1999
1989
1979
1969
1960
1951
1943
1936
1929
1924
1921
1917
1916
1915
1916
1917
1921
1924
1929
1934
1943
1952
1960
1970
1980
1990
2000
2012
2022
2033
2041
2051
2060
2068
2075
2081
2085
2089
2092
2094
2094
2092
2090
2086
2081
