1944
1950
1957
1965
1972
1981
1989
1997
2007
2015
2024
2032
2040
2048
2055
2061
2068
2073
2077
2081
2084
2087
2088
2088
2088
2086
2085
2081
2077
2073
2067
2061
2056
2048
2040
2032
2024
2016
2007
1998
1990
1982
1974
1966
1960
1952
1946
1940
1935
1931
1927
1924
1922
1921
1921
1921
1923
1925
1928
1931
1936
1941
1946
1953
1960
1968
1976
1984
1993
2001
2007
2018
2027
2035
2043
2051
2057
2064
2070
2074
2080
2083
2085
2087
2088
2088
2087
2085
2082
2080
2076
2071
2065
2058
2052
2045
2037
2029
2020
2012
2003
1995
1987
1979
1970
1963
1956
1949
1944
1937
1933
1929
1925
1923
1922
1921
1921
1921
1924
1925
1929
1933
1937
1943
1949
1956
1964
1971
1977
1988
1997
2005
2014
2023
2031
2039
2047
2054
2061
2066
2072
2077
2081
2084
2087
2087
2088
2088
2087
2084
2082
2077
2073
2068
2063
2056
2049
2041
2033
2025
2017
2008
2000
1992
1983
1976
1968
1960
1953
1947
1941
1936
1931
1928
1925
1922
1921
1921
1921
1922
1925
1927
1932
1935
1940
1946
1953
1959
1967
1975
1983
1991
2000
2009
2017
2025
2034
2042
2050
2057
