2115
2069
1996
1925
1889
1902
1959
2035
2098
2120
2093
2027
1952
1898
1887
1932
2002
2076
2117
2109
2056
1981
1915
1887
1910
1973
2050
2106
2119
2082
2012
1938
1893
1895
1945
2019
2088
2119
2102
2041
1966
1906
1888
1920
1988
2063
2112
2115
2070
1996
1926
1889
1902
1958
2034
2097
2120
2093
2028
1952
1899
1890
1932
2004
2077
2117
2109
2057
1981
1915
1888
1910
1973
2049
2106
2119
2082
2012
1938
1893
1895
1945
2020
2087
2120
2102
2044
1966
1906
1888
1921
1988
2063
2113
2116
2070
1997
1926
1889
1901
