2117
2114
2092
2053
2005
1958
1920
1895
1890
1906
1940
1985
2033
2077
2106
2118
2109
2081
2039
1991
1945
1910
1891
1892
1915
1952
2000
2047
2087
2112
2118
2103
2070
2026
1977
1933
1903
1889
1897
1924
1966
2014
2061
2096
2116
2116
2095
2058
2012
1963
1923
1897
1889
1903
1935
1979
2028
2072
2104
2118
2112
2085
2045
1997
1951
1913
1892
1891
1911
1947
1994
2042
2083
2110
2118
2106
2075
2031
1983
1938
1905
1889
1897
1920
1960
2008
2055
2093
2116
2117
2099
2063
2017
1969
1927
1899
1889
1900
1931
1973
