1893
1895
1905
1927
1955
1988
2023
2054
2083
2103
2114
2114
2105
2085
2058
2026
1992
1959
1930
1909
1895
1892
1900
1918
1944
1975
2009
2043
2073
2096
2111
2116
2110
2093
2069
2039
2002
1971
1940
1916
1899
1892
1896
1910
1933
1963
1996
2030
2062
2088
2107
2115
2113
2100
2079
2051
2018
1984
1952
1924
1905
1894
1893
1903
1924
1950
1983
2017
2050
2079
2101
2113
2115
2107
2089
2062
2031
1997
1963
1934
1911
1897
1892
1898
1913
1940
1971
2005
2039
2069
2094
2109
2115
2112
2097
2073
2044
2010
1976
1945
