2027
2042
2056
2068
2079
2088
2096
2100
2103
2103
2100
2096
2087
2079
2068
2055
2042
2028
2013
1997
1982
1967
1953
1941
1930
1921
1914
1909
1906
1906
1908
1912
1916
1927
1937
1950
1965
1979
1994
2009
2025
2040
2053
2067
2078
2087
2095
2100
2102
2103
2102
2097
2089
2081
2069
2058
2044
2029
2015
1999
1984
1969
1955
1943
1931
1921
1915
1909
1906
1905
1908
1912
1918
1926
1936
1948
1962
1977
1992
2008
2019
2038
2052
2065
2077
2086
2094
2099
2102
2103
2101
2097
2090
2082
2072
2059
2046
2031
2017
2001
