1971
1970
1970
1970
1972
1969
1969
1969
1969
1969
1969
1969
1969
1969
1969
1969
1969
1969
1970
1969
1970
1970
1971
1971
1972
1972
1973
1973
1973
1974
1975
1975
1975
1976
1977
1977
1978
1979
1981
1980
1982
1982
1983
1984
1985
1986
1986
1987
1989
1990
1990
1992
1992
1993
1994
1996
1997
1998
1999
2001
2001
2002
2004
2005
2006
2006
2008
2009
2012
2011
2013
2013
2015
2015
2017
2017
2019
2019
2020
2021
2022
2023
2024
2025
2026
2026
2027
2028
2029
2029
2031
2031
2032
2033
2033
2033
2034
2035
2035
2036
2037
2037
2037
2037
2038
2038
2038
2038
2040
2039
2039
2039
2039
2039
2039
2039
2040
2039
2039
2039
2038
2038
2038
2037
2037
2037
2036
2036
2035
2034
2034
2033
2033
2032
2032
2031
2031
2029
2029
2029
2028
2026
2026
2025
2024
2023
2022
2021
2021
2020
2018
2018
2017
2016
2015
2013
2013
2011
2011
2009
2009
2007
2006
2005
2004
2003
2002
2001
2000
1998
1997
1997
1995
1994
1993
1992
1992
1990
1989
1988
1988
1986
1985
1985
1984
1983
1982
1981
1981
1980
1979
1978
1978
1977
1977
1975
1975
1974
1974
1973
