1947
1901
1889
1915
1970
2037
2092
2119
2108
2062
1997
1935
1895
1890
1924
1985
2050
2101
2120
2100
2049
1984
1922
1891
1895
1935
1999
2063
2108
2119
2092
2036
1971
1914
1889
1901
1947
2013
2075
2113
2113
2082
2022
1956
1906
1888
1905
1961
2027
2085
2117
2112
2070
2007
1943
1899
1890
1918
1974
2041
2095
2119
2106
2058
1993
1932
1894
1892
1925
1988
2054
2103
2120
2098
2046
1979
1921
1889
1896
1939
2003
2066
2110
2119
2089
2031
1965
1912
1888
1903
1951
2017
2078
2115
2115
2079
2017
1952
1904
1888
